Column: host length
host length
0      463192
15      15950
13      14592
14      14061
20      12039
12      11889
17      11079
19      10125
9        9821
16       9778
18       9304
21       9145
11       7938
10       7531
23       5397
22       4936
24       4825
25       3863
26       3331
28       2626
6        2536
27       2225
7        2220
29       2048
8        1825
30       1406
31       1381
32        962
34        867
33        735
35        420
36        368
38        232
71        225
40        193
39        172
73        167
42        149
37        137
45        135
49        122
44         90
74         84
75         71
46         69
57         65
4          63
47         63
41         57
72         56
5          49
43         48
58         45
48         42
63         39
52         38
50         35
51         29
66         27
60         19
77         16
55         16
65         14
76         13
61         12
62         12
54         12
53         11
56         10
59          9
78          6
64          6
68          5
101         5
99          5
132         4
137         4
121         3
95          3
133         3
86          3
70          3
85          3
107         3
227         3
82          3
81          3
114         2
131         2
128         2
149         2
110         2
91          2
109         2
87          2
108         2
96          2
90          2
80          2
93          2
79          2
150         2
67          2
94          2
236         2
83          1
140         1
116         1
69          1
88          1
106         1
122         1
103         1
100         1
168         1
102         1
118         1
89          1
139         1
226         1
191         1
172         1
104         1
173         1
138         1
117         1
126         1
152         1
130         1
210         1
125         1
184         1
129         1
179         1

Column: numb of slashes
numb of slashes
3     166128
1     133185
2     132708
4      87416
5      52009
6      24305
0      22488
7      15775
8       9055
9       3480
10      1620
12      1376
11       701
13       344
14       258
16       160
15        68
18        35
22        17
17        16
20        10
19         9
23         7
21         5
28         4
32         4
27         2
33         1
26         1
25         1
24         1
41         1
34         1

Column: numb of dots host
numb of dots host
0     463192
2      78691
1      78656
3      28525
4        618
5        486
10       339
11       269
7        176
6        171
9         22
8         15
12        12
13         7
14         4
20         2
15         2
16         2
18         1
26         1

Column: numb of host terms
numb of host terms
1     463192
3      78691
2      78656
4      28525
5        618
6        486
11       339
12       269
8        176
7        171
10        22
9         15
13        12
14         7
15         4
21         2
16         2
17         2
19         1
27         1

Column: has specialChar
has specialChar
1    346902
0    304289

Column: has Ip Addr
has Ip Addr
0    638823
1     12368

Column: has unicode
has unicode
0    650270
1       921

Column: has http
has http
0    461527
1    189664

Column: has subdomain
has subdomain
0    541848
1    109343

Column: TLD valid
TLD valid
0    563264
1     87927

Column: numb of dots path
numb of dots path
1     304436
2     192684
3      66396
0      61981
4      12965
5       4557
6       2480
7       1645
8        744
12       588
9        547
10       499
11       393
13       361
14       260
15       181
20       121
16        84
17        77
19        75
18        44
24        19
22        15
21        13
23         9
25         8
27         3
26         3
37         1
35         1
28         1

Column: numb of hyphens in host
numb of hyphens in host
0     624104
1      23138
2       3328
3        325
4        218
5         54
6         13
7          4
11         2
9          2
8          1
10         1
12         1

Column: URL length
URL length
31      19023
33      14209
34      12243
27      11967
35      11700
32      11130
40      11074
36      10884
37      10872
38      10802
41      10562
30      10439
39      10428
42      10298
44      10027
29      10024
26       9669
43       9542
45       9509
28       9499
24       9437
25       9108
46       9098
48       8380
47       8341
49       7934
51       7928
23       7897
50       7749
22       7278
52       7260
21       6844
54       6557
53       6529
55       6474
19       6338
58       6160
20       6111
56       5956
18       5692
57       5599
61       5223
59       5157
17       5130
63       5029
67       4983
60       4963
65       4873
87       4829
64       4821
62       4694
16       4652
76       4630
72       4580
66       4565
69       4431
84       4407
81       4395
90       4363
83       4344
15       4283
68       4258
71       4241
70       3909
86       3866
85       3858
80       3799
89       3735
73       3691
99       3637
14       3615
77       3608
92       3585
79       3574
75       3551
88       3524
82       3394
91       3268
74       3258
78       3228
95       3226
93       3079
94       3053
13       3050
98       2895
96       2856
97       2731
103      2574
100      2505
101      2346
12       2293
104      2253
102      2242
105      2202
106      2158
107      2073
108      2048
110      1839
11       1764
109      1752
111      1619
112      1559
113      1534
115      1478
114      1442
117      1363
10       1282
116      1273
119      1261
123      1227
121      1164
120      1159
118      1153
124      1096
126      1044
122      1044
125       996
9         967
127       909
129       889
128       834
135       803
130       787
132       775
136       740
134       701
138       698
139       696
131       685
133       656
137       652
371       651
142       647
141       638
140       604
345       563
147       531
143       517
146       505
144       494
145       491
148       456
156       439
153       432
155       426
157       425
8         424
150       411
149       402
152       384
151       357
198       343
154       336
200       333
158       333
165       315
161       313
171       305
159       301
163       293
162       292
160       288
170       285
164       275
168       253
178       253
177       238
174       236
183       231
169       231
173       226
166       224
181       222
172       222
175       215
184       215
186       211
180       206
167       203
189       202
188       201
199       196
185       192
179       191
182       189
191       189
201       189
231       181
193       171
202       166
187       161
337       157
192       154
234       153
176       152
248       150
197       150
190       149
203       146
224       144
230       141
196       139
227       137
195       134
229       128
219       127
238       125
204       121
194       120
211       119
210       119
223       119
236       113
206       113
235       112
232       110
209       110
215       109
213       106
244       105
310       104
221       104
225       103
207       103
7         101
253       100
242       100
218       100
222        98
237        97
228        96
241        96
239        96
217        95
208        95
243        94
226        92
252        92
263        91
220        89
205        88
216        88
255        87
212        84
363        83
240        79
233        79
254        78
246        78
214        77
245        76
257        71
250        71
258        69
247        69
262        67
421        64
251        63
276        63
264        61
280        57
256        57
349        56
259        55
271        54
272        53
283        50
260        47
274        46
289        45
273        45
261        44
249        43
277        41
266        41
282        41
265        40
269        39
275        38
288        38
286        36
279        34
268        33
316        32
278        32
281        31
290        31
267        29
308        28
291        27
270        27
317        26
287        26
293        26
299        25
298        25
325        25
319        24
307        23
292        23
616        22
284        22
326        22
301        20
378        20
334        20
361        20
285        19
309        18
344        18
318        17
321        16
333        15
300        15
323        15
353        14
335        14
328        13
306        13
304        13
645        13
327        13
417        12
356        12
295        12
294        12
324        11
311        11
312        11
305        11
296        11
352        11
329        11
339        11
330        10
354        10
362        10
6          10
314        10
373        10
331        10
338        10
389         9
302         9
336         9
320         9
343         9
379         9
367         8
409         8
348         8
387         8
364         8
381         8
313         7
427         7
482         7
392         7
315         7
346         7
368         7
370         7
322         7
297         7
303         6
341         6
486         6
358         6
342         6
397         6
401         6
357         5
388         5
374         5
347         5
366         5
390         5
473         5
375         5
396         4
393         4
470         4
380         4
415         4
404         4
351         4
386         4
383         4
360         4
5           4
391         4
350         4
332         4
405         4
472         3
545         3
480         3
927         3
431         3
517         3
395         3
369         3
406         3
469         3
355         3
410         3
372         3
639         3
512         3
359         3
445         3
413         3
399         2
1386        2
435         2
611         2
471         2
459         2
587         2
475         2
411         2
2           2
931         2
382         2
753         2
398         2
484         2
461         2
422         2
527         2
466         2
414         2
437         2
638         2
408         2
438         2
400         2
376         2
1081        2
377         2
412         2
407         2
419         2
513         2
444         1
4           1
988         1
683         1
1076        1
948         1
476         1
1075        1
384         1
487         1
636         1
1060        1
474         1
536         1
479         1
481         1
403         1
416         1
463         1
340         1
454         1
425         1
496         1
571         1
468         1
535         1
767         1
462         1
774         1
932         1
490         1
588         1
429         1
663         1
2175        1
586         1
563         1
1078        1
1158        1
493         1
477         1
483         1
1           1
385         1
564         1
495         1
497         1
424         1
426         1
448         1
2081        1
831         1
901         1
451         1
602         1
772         1
402         1
1696        1
637         1
1040        1
653         1
711         1
441         1
542         1
1348        1
559         1
737         1
514         1
434         1
1025        1
544         1
1189        1
1517        1
632         1
430         1
502         1
1038        1
800         1
492         1
567         1
629         1
1325        1
1316        1
648         1
1535        1
1641        1
442         1
439         1
595         1
647         1
659         1
519         1
699         1
623         1
985         1
950         1
833         1
456         1
875         1
967         1
710         1
1016        1
452         1
1779        1
467         1

Column: target
target
0    428103
1    223088

